404 239
405 275
407 311
413 348
424 383
444 415
469 443
498 467
535 475
573 468
607 446
637 419
659 389
673 354
679 318
683 281
683 245
421 207
438 187
464 180
491 186
515 199
565 198
590 187
617 183
643 190
661 212
538 238
537 262
535 287
534 312
507 333
521 335
535 338
550 336
565 334
450 240
465 230
484 231
499 247
481 250
462 248
582 247
596 232
616 230
632 241
618 250
598 250
476 369
498 365
519 360
535 365
549 361
571 366
596 373
572 398
549 408
533 410
515 408
495 395
484 371
519 373
535 376
550 374
588 375
549 387
534 390
517 387
