389 258
391 294
395 330
401 366
412 399
432 430
457 455
487 476
525 482
563 476
596 455
624 430
645 401
656 368
661 332
663 297
663 260
407 228
423 209
448 204
473 209
496 221
546 219
571 208
598 205
624 210
642 228
521 257
521 282
520 306
519 331
494 353
507 355
521 358
535 355
549 353
435 260
449 250
467 251
482 265
466 269
447 268
565 264
580 250
599 249
614 258
600 267
581 268
464 390
487 386
507 381
520 385
533 380
555 385
580 388
556 402
535 409
521 411
507 410
487 405
471 391
507 394
521 395
534 393
573 389
534 392
521 395
507 393
