539 400
547 453
557 503
571 551
591 594
620 630
654 659
691 682
731 688
769 680
803 655
834 626
861 591
880 549
891 501
900 450
905 398
565 374
591 348
629 343
667 350
700 363
756 362
789 348
825 340
861 343
885 368
729 412
731 444
734 474
736 506
691 534
713 538
734 541
754 538
773 534
605 412
628 407
652 408
673 420
651 424
627 423
782 419
804 405
828 404
849 408
831 420
807 422
666 597
693 583
716 574
732 580
750 575
772 584
793 595
771 612
750 620
731 623
713 621
692 613
677 596
716 593
732 597
750 594
783 594
749 596
732 599
715 596
