508 309
510 349
513 387
517 426
534 463
560 493
588 523
623 550
666 557
710 550
749 523
780 491
805 457
820 418
825 376
826 337
826 296
523 280
540 253
572 244
603 250
632 264
686 257
716 243
748 235
780 242
799 268
658 296
658 326
657 355
656 385
625 405
642 406
658 410
676 405
694 403
558 303
573 292
595 292
612 309
593 313
572 312
709 304
726 286
748 283
765 295
751 306
729 308
591 442
618 442
643 438
659 441
676 436
702 439
735 437
704 455
679 464
662 466
644 466
620 459
601 445
643 449
660 450
677 447
725 441
678 447
661 449
644 448
120 232
122 269
126 304
130 338
141 370
159 397
180 420
205 441
234 450
264 448
291 432
316 413
340 390
357 362
367 331
376 298
382 265
143 225
165 212
192 214
217 223
241 237
276 243
300 234
325 231
350 235
367 252
255 267
253 291
251 314
249 338
219 347
232 352
247 357
261 355
275 352
170 257
186 254
202 256
215 268
199 269
182 266
291 277
305 269
321 269
336 276
321 282
305 281
195 372
218 375
235 375
246 379
257 377
273 380
292 381
271 392
254 396
243 397
231 394
215 387
203 375
234 384
245 387
256 386
284 383
256 384
245 384
233 381
