636 365
637 399
639 433
640 469
648 504
666 533
695 556
728 574
765 580
803 574
839 555
869 529
892 499
904 465
909 429
910 393
911 357
648 337
661 316
686 311
711 315
734 324
782 321
808 310
835 304
863 309
882 328
758 353
757 376
755 399
754 423
731 444
744 445
756 446
770 445
785 444
674 360
687 350
706 350
721 362
705 367
686 367
803 359
817 345
836 344
852 353
838 361
819 362
711 490
727 479
744 470
757 475
771 470
792 479
816 489
793 502
773 508
758 509
744 507
727 500
719 490
744 487
758 489
772 487
807 489
772 488
758 490
744 488
147 352
148 375
150 400
153 425
162 446
180 463
201 474
224 484
248 486
271 481
290 468
306 453
317 435
324 414
327 393
328 372
328 352
173 330
187 322
204 321
221 323
236 330
262 330
276 323
292 321
307 323
317 334
250 349
250 362
251 375
251 389
232 403
241 405
250 406
259 405
266 403
192 351
202 348
213 348
221 354
212 355
202 354
272 354
281 348
291 347
299 350
292 354
282 355
217 434
231 427
242 423
250 425
258 423
268 428
279 435
268 441
258 444
250 444
241 443
230 440
222 434
242 431
250 433
258 432
275 434
258 432
250 432
242 432
394 185
394 203
396 221
398 239
404 256
415 270
429 282
444 291
461 294
477 292
492 284
505 273
515 260
522 245
525 228
528 211
529 194
412 176
422 170
434 169
446 172
456 178
476 179
488 174
500 172
512 174
521 182
466 192
465 203
465 215
464 227
450 235
457 237
464 238
471 238
478 236
423 190
430 188
439 189
446 194
438 195
430 194
485 196
492 191
501 191
508 194
501 197
493 198
438 256
448 252
457 250
463 252
470 250
478 254
487 258
478 265
469 267
462 268
455 267
447 263
441 256
456 256
463 258
470 257
483 258
470 258
463 259
456 257
