559 338
558 381
561 424
567 468
584 508
607 545
635 581
668 615
711 626
755 618
796 590
834 559
867 523
887 482
894 436
897 389
900 343
575 314
592 288
623 282
654 288
684 301
744 302
776 289
812 283
846 289
870 312
712 337
710 369
708 401
706 434
669 445
687 450
707 456
728 451
751 448
609 337
627 328
649 330
665 345
646 347
624 345
770 346
789 332
811 331
830 340
813 347
791 349
631 481
658 477
687 474
707 480
729 476
761 483
791 491
761 529
728 547
704 549
681 544
654 524
639 486
686 486
707 491
729 489
783 494
728 524
705 526
684 521
178 227
182 264
187 300
198 333
217 363
241 389
262 415
285 440
312 448
341 444
365 423
388 398
412 372
431 342
442 308
449 272
453 233
200 228
219 215
245 217
270 224
294 235
333 238
358 229
385 224
411 225
430 240
315 260
314 287
314 314
314 340
278 338
294 346
313 354
332 347
348 340
228 254
244 254
259 255
275 260
258 259
243 258
353 263
369 260
385 261
401 262
384 264
369 264
253 354
275 359
296 363
313 367
330 364
352 362
375 359
354 392
331 407
313 409
294 405
274 387
261 359
296 368
313 371
330 370
368 363
331 390
313 392
295 387
