377 311
378 345
381 379
385 413
397 445
417 474
440 501
467 522
501 529
538 522
571 503
600 479
623 451
636 418
641 381
642 346
642 310
391 280
404 259
429 252
453 257
476 269
524 269
549 257
575 253
601 260
618 280
499 300
498 325
497 348
496 373
470 388
483 391
497 394
512 391
527 389
418 304
431 295
449 295
463 309
448 312
430 311
541 309
557 296
575 294
589 304
576 311
558 312
440 424
460 416
483 413
498 417
515 413
541 418
564 427
542 455
516 468
498 470
480 468
458 455
447 427
482 423
498 425
515 423
557 429
515 450
498 452
481 450
89 288
92 309
95 330
99 350
108 369
122 384
141 396
162 407
186 409
208 405
228 394
244 380
255 362
260 342
262 321
263 301
263 281
108 263
121 254
136 253
152 255
167 260
195 261
209 255
224 252
239 253
251 261
182 277
183 290
185 302
186 316
167 327
176 329
185 331
194 329
202 327
128 281
138 278
147 279
156 283
147 284
137 283
207 282
215 278
225 277
234 280
225 282
216 282
149 354
163 348
176 344
186 346
195 344
207 347
220 353
209 366
196 371
186 372
176 371
163 366
154 355
176 352
186 353
195 352
216 354
195 360
186 361
176 360
719 181
719 208
722 234
727 261
736 285
751 306
771 323
793 337
818 341
843 335
865 320
886 303
903 281
912 256
916 229
920 202
921 174
737 172
749 163
766 163
783 165
799 169
836 166
853 161
871 156
889 155
904 163
818 183
817 199
817 214
817 232
794 241
806 244
818 247
831 244
842 241
753 187
766 184
777 184
788 189
777 189
765 189
850 186
861 181
873 180
883 182
873 185
862 186
772 272
787 265
804 262
817 263
831 261
848 263
866 269
850 291
832 299
818 301
804 300
786 292
776 273
804 267
817 267
831 266
861 271
831 288
817 290
804 289
